<?xml version="1.0"?>
<opencv_storage>
<classificationDigits type_id="opencv-matrix">
  <rows>218</rows>
  <cols>1</cols>
  <dt>f</dt>
  <data>
    56. 56. 56. 57. 57. 57. 57. 57. 57. 57. 57. 57. 57. 56. 56. 56. 56.
    56. 56. 56. 56. 56. 56. 56. 56. 56. 56. 56. 56. 56. 54. 54. 54. 54.
    54. 54. 54. 54. 54. 54. 51. 51. 51. 51. 51. 51. 51. 51. 51. 51. 49.
    49. 49. 49. 57. 56. 54. 52. 51. 50. 57. 56. 55. 54. 53. 52. 51. 50.
    49. 57. 56. 55. 54. 53. 52. 51. 50. 49. 57. 56. 55. 54. 53. 52. 51.
    50. 49. 57. 56. 55. 54. 53. 52. 51. 50. 57. 56. 55. 54. 53. 52. 51.
    50. 57. 55. 53. 52. 51. 50. 57. 56. 55. 54. 53. 51. 50. 49. 52. 56.
    54. 57. 55. 53. 52. 51. 50. 56. 54. 57. 56. 55. 54. 53. 52. 51. 50.
    49. 57. 56. 55. 54. 52. 51. 49. 57. 56. 55. 53. 52. 51. 50. 49. 54.
    57. 56. 54. 52. 51. 50. 52. 55. 53. 57. 56. 55. 54. 53. 51. 50. 57.
    56. 55. 54. 52. 51. 53. 57. 56. 55. 54. 53. 52. 51. 50. 57. 56. 55.
    54. 53. 52. 51. 50. 49. 57. 56. 55. 54. 53. 52. 51. 50. 49. 57. 56.
    54. 53. 52. 51. 50. 49. 57. 56. 55. 54. 53. 52. 51. 50.</data></classificationDigits>
</opencv_storage>
