<?xml version="1.0"?>
<opencv_storage>
<classificationDigits type_id="opencv-matrix">
  <rows>127</rows>
  <cols>1</cols>
  <dt>i</dt>
  <data>
    57 56 55 54 53 52 51 50 49 52 57 56 55 54 53 52 51
    57 56 54 53 52 51 50 56 54 57 55 53 49 57 56 55 54
    53 52 51 50 49 52 57 56 55 54 53 52 51 50 49 50 53
    57 56 55 54 53 52 51 50 49 54 57 56 52 51 49 55 52
    49 52 57 56 54 53 50 49 56 52 52 55 53 52 53 56 57
    55 54 52 51 50 49 52 57 56 55 54 53 52 51 50 52 49
    57 56 55 54 53 52 50 49 57 56 55 54 53 52 50 50 49
    57 56 55 54 53 52 51 50</data></classificationDigits>
</opencv_storage>
